2
7
6
5
9
7
7
6
9
19
9
6
8
5
7
15
10
6
11
2
5
9
9
7
9
8
5
11
5
17
6
8
7
9
7
9
10
6
9
15
5
8
6
11
10
7
9
6
2
5
8
6
5
11
6
10
6
9
15
2
6
5
2
11
6
7
8
10
9
9
11
5
10
8
20
9
8
9
11
5
14
18
8
6
10
13
8
10
11
6
7
7
8
3
5
21
7
10
5
10
10
8
9
8
5
6
8
4
8
8
6
13
7
11
4
7
11
5
9
13
9
13
7
7
11
9
5
10
2
9
9
12
10
8
9
5
7
10
37
3
6
16
4
2
11
8
14
16
9
5
4
6
3
7
9
11
10
11
7
7
10
10
9
4
9
7
8
6
11
10
10
11
7
9
6
9
2
8
8
11
7
5
7
9
9
7
6
9
6
5
7
18
9
10
6
10
6
7
8
6
8
3
10
5
10
9
10
11
9
7
4
6
12
6
12
8
7
10
7
10
5
10
13
11
18
12
5
10
13
7
6
12
4
11
12
10
9
5
7
17
9
8
11
7
11
9
9
7
7
5
5
9
6
7
4
12
12
8
9
6
4
5
7
6
16
11
5
8
8
6
9
4
9
4
4
8
9
8
13
6
7
18
6
8
10
9
6
6
7
7
15
4
8
15
25
14
9
5
11
12
4
6
11
4
9
11
10
9
9
6
5
10
7
8
13
9
10
4
17
10
16
4
2
6
9
7
13
13
7
17
11
12
13
6
9
9
7
6
7
6
8
12
8
35
8
5
5
14
3
7
10
14
14
13
9
5
9
6
7
6
6
6
4
10
8
6
4
16
6
3
7
7
6
2
3
8
6
9
9
8
10
2
5
8
12
7
6
10
8
7
8
5
8
9
5
11
8
10
12
2
8
6
8
9
5
10
7
10
3
5
12
6
7
7
11
9
11
4
19
2
26
4
2
7
14
5
7
15
7
11
7
8
7
6
3
7
8
8
3
15
8
8
6
6
6
8
9
6
26
4
7
9
7
14
10
8
7
8
10
8
10
9
9
8
12
10
6
10
8
7
8
9
15
7
5
19
13
9
16
4
6
7
13
13
10
6
7
12
4
8
6
9
8
11
10
5
8
8
7
12
12
8
4
16
3
5
8
10
11
10
17
3
6
6
10
6
6
10
9
9
15
3
8
8
14
6
10
2
10
6
10
8
8
8
6
9
11
7
2
9
12
10
5
10
11
7
9
9
7
6
10
7
5
8
9
10
3
7
8
9
7
10
12
5
10
8
9
7
6
8
9
18
10
2
14
8
6
10
9
9
11
3
7
9
6
11
7
8
5
6
5
6
10
10
11
4
7
15
5
7
9
5
4
19
10
11
10
15
6
4
11
12
16
13
8
5
7
8
6
6
9
7
8
7
10
7
3
15
6
6
13
7
8
11
16
9
8
8
5
7
6
10
12
7
3
13
9
9
9
6
8
6
7
9
11
11
4
12
8
6
29
9
9
8
13
10
11
8
6
4
13
16
8
6
9
9
10
10
10
13
7
6
6
17
9
6
15
6
12
6
6
24
9
8
9
9
6
10
11
9
17
9
8
11
5
6
8
11
8
8
8
6
10
7
8
4
6
10
12
4
7
11
24
6
11
8
7
4
4
12
11
5
11
5
14
9
10
8
8
9
16
22
6
7
12
9
26
3
13
10
8
6
8
13
7
26
6
4
6
9
14
10
5
5
9
5
13
12
7
3
3
8
9
17
6
8
6
13
12
9
4
5
5
10
5
2
6
8
11
12
6
8
10
5
9
14
5
10
7
7
13
10
5
6
11
8
10
8
9
8
19
7
7
9
9
7
9
13
9
8
9
11
10
5
5
13
10
7
9
6
7
6
7
10
7
15
9
16
14
7
11
7
9
9
9
12
8
5
10
7
8
11
6
18
8
10
5
6
9
19
4
7
16
4
6
3
2
4
7
7
10
7
12
7
9
9
8
6
8
6
10
7
10
11
11
12
7
7
5
4
6
6
7
15
3
8
13
7
9
7
36
8
7
10
9
6
9
5
8
7
2
19
9
14
7
6
8
9
8
15
4
9
3
6
6
10
5
9
8
12
8
5
10
7
9
6
7
5
29
22
11
7
11
10
7
11
9
7
12
6
6
6
11
7
3
6
12
4
7
10
6
9
5
4
8
4
5
7
9
8
7
7
12
5
6
16
7
7
10
10
7
8
6
10
33
10
15
7
8
4
8
15
8
12
6
6
10
8
13
9
4
10
9
6
10
11
7
8
6
5
8
6
7
7
11
9
6
7
